Svpi. “.’“.’.

616 APPENDIX IV.

Ν. (Γ), Τ.) 151 111101· 11117 1101· 11011011 111]]0]· 111101 11· (11011101 1111101 flfu· 0111 purch, ein
51111 11110]- 01]] 11111101 1051, 511 51111] 1110 jungen 1101101] 1115 lang 111151011, 51101111 si gemanet
1101110111, 1115 111]- 11050111111011 151, 111117 07 111110111111 1101110 11]] 50111111011.

Sl. (6. δ.) Allo 51111770 511111 gooffent und gefreiet 5111 11110]- 111 Β1110111 ouf (1011] lande,
1111111011 1111770111, 111111 51101· 1111101] 11117 11111110 varon wil. Waer 111101, daz 1101· 11011011
1111111101101111 11111Ι 1105 1111110111 strazze 11011011] 50111111 3050111011 1111] 111111) oder von pfantung,
11117 goin 11111111011 0111111101] Rogenspurgor gezfig 11110]- 11101, 1111 511111 1110 jungon herren
1111111 111151011, 1115 111]- geschriben 151, 111117 07 11111011111] 1101110. 151 aber (10]- 5131111110 111111101·
11111111011 pfuudon, 511 511111 1]- gem-oin 111105 1101 11111111111) 111151011, 51101111 wir die 1101111
(1111111111) 1111111011, 111111 51·111111’01]1 07 1110 1101101] 111111, 11117 07 8050111011 111 1101701101] 1118011,
51) 511111 1110 11111111011 11011011 (1111111111) 1111111011 1115 1111 gosohribon 151, 5110111113 si gemanot
1101110111.

w. (7. 9.) (1050111011111101- 11117 01]] 110110 110111 1111110111, 01 111101 5111 (11011101 51]] gelaitt
1501011, 51] 5111 110]- 110110, 11] 1105 1111111 07 80501101]οη ist, 501151Ῡο11, daz 07 in 1101701101]
tugen 111110111111 1101110. 6050111111] 1105 ]111]1, 511 51111] ‹1i‹·j1111ge11 1101101] (1111111111) 111151οῃ.
5110]]1] 51 110111111101 xxm-«lent. 1115 vm· gfflvhriben 151, 111111 5110111] 11117 11115101] geschiht, 511
5111 111111] 1101] 50111111011, 1101· 111111111101] 11117 151, 11111 1101· 7111111111 11011011. 151 aber daz (101·
110110 in 1105117701 11110]- sinon 5011111101] 01011171101] 11111101, 511 51111] 1110 jungen 11011011 (1111111111)
1110 weil 111111 1111511111. sud 511111 1110 1101101] 1105 11]] 011111111101· 1101101101] 5111.

ΙΙ. (8.10.) Wir 5017011 1111011, 11117, 1110111111] 11] 110111 11111110 110110111 00111111 geben 5111,
«11111110 1110 1101101] 501110 111101· 11011] 51 07 1105111111011101] 01111101110111.

12. (8.11.) Ther 511111 0111111011 00511111011011 151. 51101 1105 [1011111011] 1111101] 11111 7111111]
711 11]] 50111011, 11117 07 111111 110111111011 111101 111110111111 51. 50 5111 dol* rihter, in (les gebiet
07 ges-chellon 151, 5015111011. 11117 07 111110111111 1101110 11] 1101701101] tugen. (1050111011 (105
111111. so 5111 1101· 1111101· 111151011, 1115 vor gosehrilwn 5101, 111 1101] 11110111 111711111111111111011 111111
in 1101] 111110111. sud 501111110111 111 11011011111111. 11117 11117 (3115011011. 511 511111 1110 jungou 11011011
111111111111 1111511111. 1115 111]- gvschribon 151.

123. (9.12.) Fa, 0]]5111 1111011 1110111111] 11111Ι 1101101110]- 1’οὲ,·111)’ 111111 11011101] 111101· 11101111011.
81101 11117 1111011011, 511 5111 110]- 110110. 11] 1105 1111111 01· 151, 1101] 50111011 71110]- als tiwor
1111177011 1110011011 111111 11111 50111011 1111111110 1115 lang 111110 haben. 111117 daz 11011 11011101] 11
501111110 010111711011011 1101110 1111001011. 151 07 111101 01]] 11101111, 1111] gotshauser und pfaffen
1]]];,,·’01]1“’1101. 51» 5111 111]- 111 71] 1101· pon, 1111] 1110 111]- geschribml 151. 11] (1011 pan (·1]111](1011,
11111] 01 111]- ‹hu-unm 1]] 1105 1111115105 pun gomllvn 151. 1’]]11 51111111115 1110 11011011111171]
110501111111011.

111. 11⁴». 13.) Ex 51111] 1111011 1110 111111011110111, 1110 1111011 111111 0051111111 1111110111, 11011 511170
70 110111111011, 1111 70 111501· 7011 11ἰο 70 1100111151111101] 5110111. 1110 111101 1110 111111 51111, sint si
hol-nug* Ludwig-vs. su 51111] 51 1117 5111111 1111111101111105 11101] 111117 ,111111011011 111]- 110111 1]οι-ω
1711001] 5110111. 11]]11 5111 1111111 51]] 011101· 11117 1105 1101171153,- ()110]] 1111. Sint 111101· 51 hertzog
111100, 511 51111] 51 111117 111111110511111 auf 11011150111011 mg 5110111, 111111 5111 011101· 11117 hertzog
1110101005 1111 111101] 1111111 5111, (1050111111 1105 111111, 5111-11101· 1101111 11111111] 5011111111011 11101,
1105 5011101] 1111001101] 51111] 1101 11115101] 11]] 1101] 5101011. 1115 1111· 0050111111οη 5101 11111 don
111110111. 5111-11]] 51 111-11111001 111-1110111. 111117 07 gost-hoho. Svhtiffon 11110]- 1110 horrendos
111111, 511 51111] 1110 ι1111111011 1101101] ‹hu-mul» 11115101] 1115 1”·.

ΙΓ). 111. 11.) 111111111111111 1111] 1’]]]]]1’]11”11]]110]] 111111 5001171011 111011111110· 51111] ab 5111. Ahm-
11111 1111111101 1111] 1111111 [1111111101] 11111 51111] 51011, 51]]]] 1111111 11111 1111111 11]]11 1111111 01111011. 111111)
1111111151101111110 111117 sim-1· purg-r. 111117 5111011] 1111115 11110]- 111117 5111011] 11111Ι 51111] 110111 chlagen
111-ι’ 11117 111-1111111. 1101111101] 701101] pssunt 111111 11011] 1111101 ffimf psum: 1111111 11111 1011] 11011]

⁴ 1111101011] pssum. 11011] 01111010]- 7111·11”51-1]”11111],«,1,·; 111]]11 511011111111 11111111οη 01]] 11111111. Γ11111

1111010101] 111111 11110111017011 11011] 1·11]10]·711011 11]]11 5111011171( 0101111150· 11]]11 1101] 5011111101] bonvm

1⁰

15

20

2⁷5

30

35

40

4⁵

 

